-3.000000000000000000e+01 1.637065939026795813e-01
-2.939393939393939448e+01 1.060781205073873412e+00
-2.878787878787878896e+01 6.003350298692793352e+00
-2.818181818181817988e+01 -5.211604283028773210e+00
-2.757575757575757436e+01 -3.433428540281680430e+00
-2.696969696969696884e+01 6.089150819153183569e+00
-2.636363636363636331e+01 -2.978863584484971128e+00
-2.575757575757575779e+01 -4.748932924477256706e-02
-2.515151515151515227e+01 -3.969001055953122581e+00
-2.454545454545454675e+01 -1.923046167899689074e+00
-2.393939393939393767e+01 9.916112703821009511e-01
-2.333333333333333215e+01 -1.073614109943931416e-01
-2.272727272727272663e+01 -1.778907842632560410e+00
-2.212121212121212110e+01 2.190785981277382000e+00
-2.151515151515151558e+01 -1.622758751187000970e+00
-2.090909090909090651e+01 3.256309870066474765e+00
-2.030303030303030454e+01 -1.291315642619459858e+00
-1.969696969696969546e+01 3.130976358351730937e+00
-1.909090909090908994e+01 -3.424673519181631764e+00
-1.848484848484848442e+01 5.491836296087624802e+00
-1.787878787878787890e+01 -5.770258031088459916e+00
-1.727272727272727337e+01 -6.730307699116577780e-01
-1.666666666666666430e+01 2.552801765204751328e-01
-1.606060606060606233e+01 -3.190163076072074499e+00
-1.545454545454545325e+01 -1.455600534760390641e+00
-1.484848484848484773e+01 1.808151360332864943e+00
-1.424242424242424221e+01 1.084741985568679956e+00
-1.363636363636363669e+01 2.603002822851590459e+00
-1.303030303030303116e+01 -3.770368334635624930e+00
-1.242424242424242209e+01 -4.786432403759702581e+00
-1.181818181818181657e+01 -7.605863738563424903e+00
-1.121212121212121104e+01 -2.367886554209106542e-01
-1.060606060606060552e+01 -4.310119455241604669e+00
-1.000000000000000000e+01 -6.518908019703903101e+00
-9.393939393939394478e+00 -2.353527426937413125e+00
-8.787878787878788955e+00 -1.877398483692240605e+00
-8.181818181818179880e+00 -6.648163602413623696e-01
-7.575757575757574358e+00 -1.178170892091383148e+00
-6.969696969696968836e+00 -3.699966512329089241e-02
-6.363636363636363313e+00 -4.618378020705670828e+00
-5.757575757575757791e+00 -7.728203518492172464e+00
-5.151515151515152269e+00 -1.830644788796523148e+00
-4.545454545454543194e+00 -6.528169099266106556e+00
-3.939393939393937671e+00 -5.877829691098598097e+00
-3.333333333333332149e+00 -5.625783616050449965e+00
-2.727272727272726627e+00 7.845467176861737890e-01
-2.121212121212121104e+00 -3.244764900342323788e+00
-1.515151515151515582e+00 1.215020215343189935e+00
-9.090909090909065071e-01 -5.921555409347893928e+00
-3.030303030303009848e-01 -4.189152227647433335e+00
3.030303030303045375e-01 -6.425960672646452210e+00
9.090909090909100598e-01 -1.143571101687369307e+00
1.515151515151515582e+00 9.005591212020656045e-01
2.121212121212124657e+00 1.923837859276440465e+00
2.727272727272726627e+00 -5.576743451716486000e-01
3.333333333333335702e+00 -2.685439335940912997e+00
3.939393939393937671e+00 1.466082110889459500e+00
4.545454545454546746e+00 -2.342123256229124539e+00
5.151515151515155821e+00 -4.479734405809242759e+00
5.757575757575757791e+00 -6.728306291552772933e+00
6.363636363636366866e+00 -2.102680021765185980e+00
6.969696969696968836e+00 -3.301744495560104742e+00
7.575757575757577911e+00 4.217930160675265938e+00
8.181818181818179880e+00 -7.534368501890613690e-01
8.787878787878788955e+00 -1.575872819070943232e+00
9.393939393939398030e+00 -1.118090850533273173e-01
1.000000000000000000e+01 1.367630800452305895e+00
1.060606060606060908e+01 -3.250200800820018721e+00
1.121212121212121104e+01 -2.761404826204429952e+00
1.181818181818182012e+01 5.380678935161288479e+00
1.242424242424242209e+01 -5.136387274047656604e+00
1.303030303030303116e+01 6.036232313315967879e+00
1.363636363636364024e+01 4.312154907742939081e+00
1.424242424242424221e+01 -1.522203294034677024e+00
1.484848484848485128e+01 -6.379459166038222939e+00
1.545454545454545325e+01 1.553622761094679561e+00
1.606060606060606233e+01 -3.105998974250364419e+00
1.666666666666667140e+01 1.370852214486340537e-01
1.727272727272727337e+01 8.248887281627725887e-01
1.787878787878788245e+01 -3.693260037724701128e+00
1.848484848484848442e+01 -3.111554364980292919e-01
1.909090909090909349e+01 3.905157084570769488e+00
1.969696969696969546e+01 4.186185450842935252e-01
2.030303030303030454e+01 -1.333491264234413443e+00
2.090909090909091361e+01 -2.277590263807873772e+00
2.151515151515151558e+01 3.627143751320774712e+00
2.212121212121212466e+01 1.548382655166201438e+00
2.272727272727272663e+01 1.529222900865726320e+00
2.333333333333333570e+01 1.455614804592115785e-01
2.393939393939393767e+01 -1.903049519706950576e+00
2.454545454545454675e+01 -6.119450868591970405e+00
2.515151515151515582e+01 5.819112228859670388e+00
2.575757575757575779e+01 -1.089589588139606047e+00
2.636363636363636687e+01 6.808515007463593616e-01
2.696969696969696884e+01 -2.999241602107646232e-01
2.757575757575757791e+01 1.699238242169619051e+00
2.818181818181818699e+01 -3.187229257269015292e+00
2.878787878787878896e+01 2.773512639318652440e+00
2.939393939393939803e+01 4.632006508096411679e+00
3.000000000000000000e+01 -2.541060134594344433e+00
