-3.000000000000000000e+01 2.310371438483025397e-01
-2.939393939393939448e+01 -1.633062915984422603e-01
-2.878787878787878896e+01 4.466053466198667277e-01
-2.818181818181817988e+01 -2.660409449262733997e-02
-2.757575757575757436e+01 -1.493520609351559232e-02
-2.696969696969696884e+01 -1.003984073398083848e-01
-2.636363636363636331e+01 -1.672861916371080615e-01
-2.575757575757575779e+01 3.291834318507518287e-01
-2.515151515151515227e+01 -7.283069774595722912e-01
-2.454545454545454675e+01 3.367576372767775439e-01
-2.393939393939393767e+01 -4.972223654181897601e-01
-2.333333333333333215e+01 9.944568518486517350e-01
-2.272727272727272663e+01 -6.510635247446103779e-01
-2.212121212121212110e+01 -2.466985873860844669e-01
-2.151515151515151558e+01 3.750142258312074706e-01
-2.090909090909090651e+01 -4.468528310944493986e-01
-2.030303030303030454e+01 5.334652322538846470e-01
-1.969696969696969546e+01 7.290321524643649242e-01
-1.909090909090908994e+01 -9.483918339785483154e-01
-1.848484848484848442e+01 1.209163944991067163e+00
-1.787878787878787890e+01 5.135429961531966514e-01
-1.727272727272727337e+01 -2.957221670726767893e-01
-1.666666666666666430e+01 -5.284973788755835677e-01
-1.606060606060606233e+01 -1.911279505818673230e-01
-1.545454545454545325e+01 7.915828623814209486e-01
-1.484848484848484773e+01 -4.171096191124740726e-01
-1.424242424242424221e+01 -7.085385901467979863e-01
-1.363636363636363669e+01 -6.210981070533508897e-01
-1.303030303030303116e+01 4.516139573567620746e-01
-1.242424242424242209e+01 2.157291925572122626e-01
-1.181818181818181657e+01 2.940082055970541508e-01
-1.121212121212121104e+01 2.512629162759214552e-01
-1.060606060606060552e+01 9.874906532306913787e-02
-1.000000000000000000e+01 6.061144510422156184e-01
-9.393939393939394478e+00 -6.084275254929182308e-01
-8.787878787878788955e+00 1.324181586652163567e+00
-8.181818181818179880e+00 2.442198751030904835e-01
-7.575757575757574358e+00 -4.208091226835561915e-01
-6.969696969696968836e+00 -3.019000690990545355e-01
-6.363636363636363313e+00 5.478634447054842038e-01
-5.757575757575757791e+00 -3.119387965882621794e-01
-5.151515151515152269e+00 1.902414758850557719e-01
-4.545454545454543194e+00 2.804659536440196610e-01
-3.939393939393937671e+00 4.155493379551900013e-01
-3.333333333333332149e+00 2.467949729861600994e-01
-2.727272727272726627e+00 9.500130972822828923e-02
-2.121212121212121104e+00 -2.197875790172058308e-01
-1.515151515151515582e+00 9.301198764461129365e-01
-9.090909090909065071e-01 9.353642900382863612e-01
-3.030303030303009848e-01 5.358397047091449927e-01
3.030303030303045375e-01 1.914203145059775624e+00
9.090909090909100598e-01 8.895058285050216895e-03
1.515151515151515582e+00 3.643665669043246735e-01
2.121212121212124657e+00 1.224597403471012980e+00
2.727272727272726627e+00 1.646018666481478876e+00
3.333333333333335702e+00 2.093410657378619977e+00
3.939393939393937671e+00 2.765035888760427607e+00
4.545454545454546746e+00 3.435821517979847695e+00
5.151515151515155821e+00 3.703024948780050174e+00
5.757575757575757791e+00 4.977310641028017457e+00
6.363636363636366866e+00 5.048400261247941501e+00
6.969696969696968836e+00 5.723482950069611164e+00
7.575757575757577911e+00 6.892736106291724951e+00
8.181818181818179880e+00 7.132230265811312364e+00
8.787878787878788955e+00 8.896003553471741654e+00
9.393939393939398030e+00 8.372024735279095964e+00
1.000000000000000000e+01 9.207387739463911203e+00
1.060606060606060908e+01 9.261824149997540445e+00
1.121212121212121104e+01 9.244070145391887650e+00
1.181818181818182012e+01 9.848052574181766161e+00
1.242424242424242209e+01 9.770277271505731775e+00
1.303030303030303116e+01 1.027373152483613161e+01
1.363636363636364024e+01 1.076874036936089318e+01
1.424242424242424221e+01 8.810487730227965386e+00
1.484848484848485128e+01 8.141571875128443381e+00
1.545454545454545325e+01 8.107410923304948724e+00
1.606060606060606233e+01 7.710219833473377804e+00
1.666666666666667140e+01 5.762727933402929992e+00
1.727272727272727337e+01 5.603292793181237741e+00
1.787878787878788245e+01 5.117908325854443774e+00
1.848484848484848442e+01 4.560874299397997156e+00
1.909090909090909349e+01 3.507514463000832361e+00
1.969696969696969546e+01 2.528066115942531056e+00
2.030303030303030454e+01 3.016821683760466666e+00
2.090909090909091361e+01 1.610888691811110052e+00
2.151515151515151558e+01 1.385183817236126380e+00
2.212121212121212466e+01 1.920918200352755401e+00
2.272727272727272663e+01 9.817386857368062270e-01
2.333333333333333570e+01 2.739938784614521228e-01
2.393939393939393767e+01 -1.735579995490492689e-01
2.454545454545454675e+01 8.704315654420609061e-01
2.515151515151515582e+01 5.934941327398859379e-01
2.575757575757575779e+01 2.205379091842338268e-02
2.636363636363636687e+01 2.706200294738140277e-01
2.696969696969696884e+01 5.078112736633432212e-01
2.757575757575757791e+01 1.193123495575606208e-01
2.818181818181818699e+01 -4.321180166663226435e-02
2.878787878787878896e+01 7.762152580231834742e-02
2.939393939393939803e+01 5.188326007760943881e-01
3.000000000000000000e+01 3.390160817483809930e-01
